1
4
11
15
28
32
42
58
59
62
63
67
71
73
80
81
99
109
118
120
124
134
141
157
160
167
172
175
177
179
180
181
200
202
203
207
209
211
219
220
233
234
242
243
257
263
268
272
275
296
297
298
299
300
305
321
322
330
333
336
340
341
345
354
359
363
377
391
394
395
402
403
408
409
410
412
414
419
423
426
427
435
436
439
448
455
470
473
476
481
489
494
498
505
515
524
525
526
532
535
537
539
542
543
547
549
550
560
563
570
574
577
580
583
591
593
595
602
603
604
605
608
612
616
629
633
644
649
650
659
665
667
678
682
683
690
697
698
700
721
722
723
726
727
728
733
737
740
743
745
747
748
750
758
760
774
776
777
780
788
799
814
822
827
828
831
832
838
843
